# Made in Blockbench 4.12.2
mtllib Asuka.mtl

o cube
v 0.2888792440650199 -0.12155252075225048 -0.229190835498579
v 0.28900447523097433 -0.12439645497302448 0.02079295668664044
v 0.22295748906227159 0.625496025568997 -0.22065903283625687
v 0.22308272022822598 0.622652091348223 0.02932475934896256
v 0.03984685414315617 -0.14352643908649998 -0.2293160666645329
v 0.03997208530911056 -0.14637037330727398 0.02066772552068652
v -0.026074900859592187 0.6035221072347475 -0.2207842640022108
v -0.025949669693637767 0.6006781730139735 0.02919952818300864
vt 0.359375 0.390625
vt 0.359375 0.578125
vt 0.296875 0.578125
vt 0.296875 0.390625
vt 0.4375 0.390625
vt 0.4375 0.578125
vt 0.375 0.578125
vt 0.375 0.390625
vt 0.71875 0.859375
vt 0.71875 0.921875
vt 0.65625 0.921875
vt 0.65625 0.859375
vt 0.71875 0.78125
vt 0.71875 0.84375
vt 0.65625 0.84375
vt 0.65625 0.78125
vt 0.515625 0.40625
vt 0.515625 0.59375
vt 0.453125 0.59375
vt 0.453125 0.40625
vt 0.0625 0.328125
vt 0.0625 0.515625
vt 0 0.515625
vt 0 0.328125
vn 0.9961295596874521 0.08789567333699778 0.0005009246638157219
vn -0.9961295596874521 -0.08789567333699778 -0.0005009246638157219
vn 0.08789567333699774 -0.9960647284283298 -0.011375736883096161
vn -0.08789567333699774 0.9960647284283298 0.011375736883096161
vn -0.0005009246638176089 0.011375736883096078 -0.9999351687408778
vn 0.0005009246638176089 -0.011375736883096078 0.9999351687408778
usemtl m_86556906-df73-e4b2-5da9-d7e93b7286ac
f 4/1/1 2/2/1 1/3/1 3/4/1
f 7/5/2 5/6/2 6/7/2 8/8/2
f 1/9/3 2/10/3 6/11/3 5/12/3
f 4/13/4 3/14/4 7/15/4 8/16/4
f 3/17/5 1/18/5 5/19/5 7/20/5
f 8/21/6 6/22/6 2/23/6 4/24/6
o cube
v 0.11773916989799532 1.861619283551958 0.1555837836254224
v 0.1395281055849098 1.8606679580748944 -0.3439403271655059
v 0.16125498438611996 1.3635246439682298 0.15843051989530677
v 0.18304392007303444 1.3625733184911661 -0.3410935908956215
v -0.37988681030306537 1.8180208317699067 0.13396067489560437
v -0.35809787461615084 1.8170695062928433 -0.3655634358953239
v -0.33637099581494073 1.3199261921861785 0.13680741116548872
v -0.3145820601280262 1.318974866709115 -0.36271669962543956
vt 0.125 0.671875
vt 0.125 0.796875
vt 0 0.796875
vt 0 0.671875
vt 0.265625 0.671875
vt 0.265625 0.796875
vt 0.140625 0.796875
vt 0.140625 0.671875
vt 0.40625 0.875
vt 0.40625 1
vt 0.28125 1
vt 0.28125 0.875
vt 0.40625 0.734375
vt 0.40625 0.859375
vt 0.28125 0.859375
vt 0.28125 0.734375
vt 0.40625 0.59375
vt 0.40625 0.71875
vt 0.28125 0.71875
vt 0.28125 0.59375
vt 0.125 0.53125
vt 0.125 0.65625
vt 0 0.65625
vt 0 0.53125
vn 0.9952519604021217 0.08719690356410251 0.04324621745963605
vn -0.9952519604021217 -0.08719690356410251 -0.04324621745963605
vn -0.08703162897624943 0.9961892791674579 -0.005693472539768734
vn 0.08703162897624943 -0.9961892791674579 0.005693472539768734
vn -0.04357787137382907 0.0019026509541272278 0.9990482215818577
vn 0.04357787137382907 -0.0019026509541272278 -0.9990482215818577
usemtl m_86556906-df73-e4b2-5da9-d7e93b7286ac
f 12/25/7 10/26/7 9/27/7 11/28/7
f 15/29/8 13/30/8 14/31/8 16/32/8
f 9/33/9 10/34/9 14/35/9 13/36/9
f 12/37/10 11/38/10 15/39/10 16/40/10
f 11/41/11 9/42/11 13/43/11 15/44/11
f 16/45/12 14/46/12 10/47/12 12/48/12
o cube
v -0.3391752999969288 1.8818809401061545 0.1449312343264743
v -0.336474696431984 1.8828288615727957 0.08249680323850746
v -0.33375907975195124 1.8196201255617905 0.14422022762453918
v -0.33105847618700646 1.8205680470284316 0.08178579653657232
v -0.3986809766506476 1.877449045854262 0.0797243883720571
v -0.4013815802155924 1.8765011243876208 0.14215881946002396
v -0.39326475640567005 1.815188231309898 0.07901338167012194
v -0.3959653599706148 1.8142403098432567 0.14144781275808882
vt 0.140625 0.015625
vt 0.15625 0.015625
vt 0.15625 0
vt 0.140625 0
vt 0.125 0.015625
vt 0.140625 0.015625
vt 0.140625 0
vt 0.125 0
vt 0.171875 0.015625
vt 0.1875 0.015625
vt 0.1875 0
vt 0.171875 0
vt 0.15625 0.015625
vt 0.171875 0.015625
vt 0.171875 0
vt 0.15625 0
vt 0.15625 0.015625
vt 0.140625 0.015625
vt 0.140625 0.03125
vt 0.15625 0.03125
vt 0.171875 0.03125
vt 0.15625 0.03125
vt 0.15625 0.015625
vt 0.171875 0.015625
vn 0.04320965703911685 0.015166743466257984 -0.9989508974074706
vn 0.9953004834986181 0.08607705149653964 0.044358637863205715
vn -0.04320965703911685 -0.015166743466257984 0.9989508974074706
vn -0.9953004834986181 -0.08607705149653964 -0.044358637863205715
vn -0.08665952391964125 0.9961730327098254 0.011376107230962197
vn 0.08665952391964125 -0.9961730327098254 -0.011376107230962197
usemtl m_86556906-df73-e4b2-5da9-d7e93b7286ac
f 20/52/13 23/51/13 21/50/13 18/49/13
f 19/56/14 20/55/14 18/54/14 17/53/14
f 24/60/15 19/59/15 17/58/15 22/57/15
f 23/64/16 24/63/16 22/62/16 21/61/16
f 22/68/17 17/67/17 18/66/17 21/65/17
f 23/72/18 20/71/18 19/70/18 24/69/18
o cube
v -0.336474696431984 1.8828288615727957 0.08249680323850746
v -0.3337740928670392 1.8837767830394367 0.020062372150540533
v -0.33105847618700646 1.8205680470284316 0.08178579653657232
v -0.3283578726220616 1.8215159684950728 0.019351365448605398
v -0.3959803730857028 1.878396967320903 0.017289957284090177
v -0.3986809766506476 1.877449045854262 0.0797243883720571
v -0.3905641528407252 1.816136152776539 0.01657895058215504
v -0.39326475640567005 1.815188231309898 0.07901338167012194
vt 0.140625 0.015625
vt 0.15625 0.015625
vt 0.15625 0
vt 0.140625 0
vt 0.125 0.015625
vt 0.140625 0.015625
vt 0.140625 0
vt 0.125 0
vt 0.171875 0.015625
vt 0.1875 0.015625
vt 0.1875 0
vt 0.171875 0
vt 0.15625 0.015625
vt 0.171875 0.015625
vt 0.171875 0
vt 0.15625 0
vt 0.15625 0.015625
vt 0.140625 0.015625
vt 0.140625 0.03125
vt 0.15625 0.03125
vt 0.171875 0.03125
vt 0.15625 0.03125
vt 0.15625 0.015625
vt 0.171875 0.015625
vn 0.04320965703911685 0.015166743466257984 -0.9989508974074706
vn 0.9953004834986181 0.08607705149653964 0.044358637863205715
vn -0.04320965703911685 -0.015166743466257984 0.9989508974074706
vn -0.9953004834986181 -0.08607705149653964 -0.044358637863205715
vn -0.08665952391964125 0.9961730327098254 0.011376107230962197
vn 0.08665952391964125 -0.9961730327098254 -0.011376107230962197
usemtl m_86556906-df73-e4b2-5da9-d7e93b7286ac
f 28/76/19 31/75/19 29/74/19 26/73/19
f 27/80/20 28/79/20 26/78/20 25/77/20
f 32/84/21 27/83/21 25/82/21 30/81/21
f 31/88/22 32/87/22 30/86/22 29/85/22
f 30/92/23 25/91/23 26/90/23 29/89/23
f 31/96/24 28/95/24 27/94/24 32/93/24
o cube
v -0.2769690197782652 1.887260755824688 0.1477036491929246
v -0.2742684162133204 1.8882086772913294 0.08526921810495776
v -0.27155279953328765 1.8249999412803244 0.14699264249098948
v -0.2688521959683428 1.8259478627469654 0.08455821140302262
v -0.336474696431984 1.8828288615727957 0.0824968032385074
v -0.3391752999969288 1.8818809401061545 0.14493123432647426
v -0.33105847618700646 1.8205680470284316 0.08178579653657227
v -0.33375907975195124 1.8196201255617905 0.14422022762453912
vt 0.140625 0.015625
vt 0.15625 0.015625
vt 0.15625 0
vt 0.140625 0
vt 0.125 0.015625
vt 0.140625 0.015625
vt 0.140625 0
vt 0.125 0
vt 0.171875 0.015625
vt 0.1875 0.015625
vt 0.1875 0
vt 0.171875 0
vt 0.15625 0.015625
vt 0.171875 0.015625
vt 0.171875 0
vt 0.15625 0
vt 0.15625 0.015625
vt 0.140625 0.015625
vt 0.140625 0.03125
vt 0.15625 0.03125
vt 0.171875 0.03125
vt 0.15625 0.03125
vt 0.15625 0.015625
vt 0.171875 0.015625
vn 0.04320965703911685 0.015166743466257984 -0.9989508974074706
vn 0.9953004834986181 0.08607705149653964 0.044358637863205715
vn -0.04320965703911685 -0.015166743466257984 0.9989508974074706
vn -0.9953004834986181 -0.08607705149653964 -0.044358637863205715
vn -0.08665952391964125 0.9961730327098254 0.011376107230962197
vn 0.08665952391964125 -0.9961730327098254 -0.011376107230962197
usemtl m_86556906-df73-e4b2-5da9-d7e93b7286ac
f 36/100/25 39/99/25 37/98/25 34/97/25
f 35/104/26 36/103/26 34/102/26 33/101/26
f 40/108/27 35/107/27 33/106/27 38/105/27
f 39/112/28 40/111/28 38/110/28 37/109/28
f 38/116/29 33/115/29 34/114/29 37/113/29
f 39/120/30 36/119/30 35/118/30 40/117/30
o cube
v 0.03406238131505289 1.914159834417357 0.16156572352517645
v 0.036762984879997684 1.915107755883998 0.0991312924372096
v 0.039478601560030455 1.851899019872993 0.16085471682324132
v 0.04217920512497525 1.852846941339634 0.09842028573527446
v -0.025443295338665933 1.9097279401654643 0.09635887757075924
v -0.028143898903610735 1.908780018698823 0.1587933086587261
v -0.02002707509368836 1.8474671256211002 0.0956478708688241
v -0.022727678658633163 1.8465192041544591 0.15808230195679096
vt 0.140625 0.015625
vt 0.15625 0.015625
vt 0.15625 0
vt 0.140625 0
vt 0.125 0.015625
vt 0.140625 0.015625
vt 0.140625 0
vt 0.125 0
vt 0.171875 0.015625
vt 0.1875 0.015625
vt 0.1875 0
vt 0.171875 0
vt 0.15625 0.015625
vt 0.171875 0.015625
vt 0.171875 0
vt 0.15625 0
vt 0.15625 0.015625
vt 0.140625 0.015625
vt 0.140625 0.03125
vt 0.15625 0.03125
vt 0.171875 0.03125
vt 0.15625 0.03125
vt 0.15625 0.015625
vt 0.171875 0.015625
vn 0.04320965703911685 0.015166743466257984 -0.9989508974074706
vn 0.9953004834986181 0.08607705149653964 0.044358637863205715
vn -0.04320965703911685 -0.015166743466257984 0.9989508974074706
vn -0.9953004834986181 -0.08607705149653964 -0.044358637863205715
vn -0.08665952391964125 0.9961730327098254 0.011376107230962197
vn 0.08665952391964125 -0.9961730327098254 -0.011376107230962197
usemtl m_86556906-df73-e4b2-5da9-d7e93b7286ac
f 44/124/31 47/123/31 45/122/31 42/121/31
f 43/128/32 44/127/32 42/126/32 41/125/32
f 48/132/33 43/131/33 41/130/33 46/129/33
f 47/136/34 48/135/34 46/134/34 45/133/34
f 46/140/35 41/139/35 42/138/35 45/137/35
f 47/144/36 44/143/36 43/142/36 48/141/36
o cube
v 0.09896926509866129 1.9204875716025318 0.10190370730365995
v 0.1016698686636061 1.9214354930691728 0.03946927621569303
v 0.10438548534363885 1.8582267570581679 0.10119270060172482
v 0.10708608890858366 1.8591746785248089 0.038758269513757895
v 0.03946358844494248 1.9160556773506392 0.036696861349242674
v 0.036762984879997684 1.915107755883998 0.0991312924372096
v 0.044879808689920045 1.853794862806275 0.03598585464730754
v 0.04217920512497525 1.852846941339634 0.09842028573527446
vt 0.140625 0.015625
vt 0.15625 0.015625
vt 0.15625 0
vt 0.140625 0
vt 0.125 0.015625
vt 0.140625 0.015625
vt 0.140625 0
vt 0.125 0
vt 0.171875 0.015625
vt 0.1875 0.015625
vt 0.1875 0
vt 0.171875 0
vt 0.15625 0.015625
vt 0.171875 0.015625
vt 0.171875 0
vt 0.15625 0
vt 0.15625 0.015625
vt 0.140625 0.015625
vt 0.140625 0.03125
vt 0.15625 0.03125
vt 0.171875 0.03125
vt 0.15625 0.03125
vt 0.15625 0.015625
vt 0.171875 0.015625
vn 0.04320965703911685 0.015166743466257984 -0.9989508974074706
vn 0.9953004834986181 0.08607705149653964 0.044358637863205715
vn -0.04320965703911685 -0.015166743466257984 0.9989508974074706
vn -0.9953004834986181 -0.08607705149653964 -0.044358637863205715
vn -0.08665952391964125 0.9961730327098254 0.011376107230962197
vn 0.08665952391964125 -0.9961730327098254 -0.011376107230962197
usemtl m_86556906-df73-e4b2-5da9-d7e93b7286ac
f 52/148/37 55/147/37 53/146/37 50/145/37
f 51/152/38 52/151/38 50/150/38 49/149/38
f 56/156/39 51/155/39 49/154/39 54/153/39
f 55/160/40 56/159/40 54/158/40 53/157/40
f 54/164/41 49/163/41 50/162/41 53/161/41
f 55/168/42 52/167/42 51/166/42 56/165/42
o cube
v 0.0962686615337165 1.9195396501358908 0.16433813839162675
v 0.09896926509866132 1.9204875716025318 0.1019037073036599
v 0.10168488177869407 1.8572788355915266 0.16362713168969162
v 0.10438548534363888 1.8582267570581679 0.10119270060172476
v 0.036762984879997684 1.915107755883998 0.09913129243720954
v 0.03406238131505289 1.914159834417357 0.1615657235251764
v 0.04217920512497525 1.852846941339634 0.09842028573527441
v 0.039478601560030455 1.851899019872993 0.16085471682324126
vt 0.140625 0.015625
vt 0.15625 0.015625
vt 0.15625 0
vt 0.140625 0
vt 0.125 0.015625
vt 0.140625 0.015625
vt 0.140625 0
vt 0.125 0
vt 0.171875 0.015625
vt 0.1875 0.015625
vt 0.1875 0
vt 0.171875 0
vt 0.15625 0.015625
vt 0.171875 0.015625
vt 0.171875 0
vt 0.15625 0
vt 0.15625 0.015625
vt 0.140625 0.015625
vt 0.140625 0.03125
vt 0.15625 0.03125
vt 0.171875 0.03125
vt 0.15625 0.03125
vt 0.15625 0.015625
vt 0.171875 0.015625
vn 0.04320965703911685 0.015166743466257984 -0.9989508974074706
vn 0.9953004834986181 0.08607705149653964 0.044358637863205715
vn -0.04320965703911685 -0.015166743466257984 0.9989508974074706
vn -0.9953004834986181 -0.08607705149653964 -0.044358637863205715
vn -0.08665952391964125 0.9961730327098254 0.011376107230962197
vn 0.08665952391964125 -0.9961730327098254 -0.011376107230962197
usemtl m_86556906-df73-e4b2-5da9-d7e93b7286ac
f 60/172/43 63/171/43 61/170/43 58/169/43
f 59/176/44 60/175/44 58/174/44 57/173/44
f 64/180/45 59/179/45 57/178/45 62/177/45
f 63/184/46 64/183/46 62/182/46 61/181/46
f 62/188/47 57/187/47 58/186/47 61/185/47
f 63/192/48 60/191/48 59/190/48 64/189/48
o cube
v 0.0935680579687717 1.9185917286692495 0.22677256947959368
v 0.0962686615337165 1.9195396501358908 0.1643381383916268
v 0.09898427821374926 1.8563309141248854 0.22606156277765854
v 0.10168488177869407 1.8572788355915266 0.16362713168969167
v 0.03406238131505289 1.914159834417357 0.16156572352517645
v 0.03136177775010808 1.913211912950716 0.22400015461314332
v 0.039478601560030455 1.851899019872993 0.16085471682324132
v 0.036777997995085646 1.8509510984063517 0.22328914791120819
vt 0.25 0.015625
vt 0.265625 0.015625
vt 0.265625 0
vt 0.25 0
vt 0.234375 0.015625
vt 0.25 0.015625
vt 0.25 0
vt 0.234375 0
vt 0.28125 0.015625
vt 0.296875 0.015625
vt 0.296875 0
vt 0.28125 0
vt 0.265625 0.015625
vt 0.28125 0.015625
vt 0.28125 0
vt 0.265625 0
vt 0.265625 0.015625
vt 0.25 0.015625
vt 0.25 0.03125
vt 0.265625 0.03125
vt 0.28125 0.03125
vt 0.265625 0.03125
vt 0.265625 0.015625
vt 0.28125 0.015625
vn 0.04320965703911685 0.015166743466257984 -0.9989508974074706
vn 0.9953004834986181 0.08607705149653964 0.044358637863205715
vn -0.04320965703911685 -0.015166743466257984 0.9989508974074706
vn -0.9953004834986181 -0.08607705149653964 -0.044358637863205715
vn -0.08665952391964125 0.9961730327098254 0.011376107230962197
vn 0.08665952391964125 -0.9961730327098254 -0.011376107230962197
usemtl m_86556906-df73-e4b2-5da9-d7e93b7286ac
f 68/196/49 71/195/49 69/194/49 66/193/49
f 67/200/50 68/199/50 66/198/50 65/197/50
f 72/204/51 67/203/51 65/202/51 70/201/51
f 71/208/52 72/207/52 70/206/52 69/205/52
f 70/212/53 65/211/53 66/210/53 69/209/53
f 71/216/54 68/215/54 67/214/54 72/213/54
o cube
v 0.03136177775010808 1.913211912950716 0.22400015461314332
v 0.03406238131505289 1.914159834417357 0.16156572352517645
v 0.036777997995085646 1.8509510984063517 0.22328914791120819
v 0.039478601560030455 1.851899019872993 0.16085471682324132
v -0.028143898903610735 1.908780018698823 0.1587933086587261
v -0.030844502468555537 1.907832097232182 0.22122773974669296
v -0.022727678658633163 1.8465192041544591 0.15808230195679096
v -0.025428282223577965 1.8455712826878181 0.22051673304475783
vt 0.25 0.015625
vt 0.265625 0.015625
vt 0.265625 0
vt 0.25 0
vt 0.234375 0.015625
vt 0.25 0.015625
vt 0.25 0
vt 0.234375 0
vt 0.28125 0.015625
vt 0.296875 0.015625
vt 0.296875 0
vt 0.28125 0
vt 0.265625 0.015625
vt 0.28125 0.015625
vt 0.28125 0
vt 0.265625 0
vt 0.265625 0.015625
vt 0.25 0.015625
vt 0.25 0.03125
vt 0.265625 0.03125
vt 0.28125 0.03125
vt 0.265625 0.03125
vt 0.265625 0.015625
vt 0.28125 0.015625
vn 0.04320965703911685 0.015166743466257984 -0.9989508974074706
vn 0.9953004834986181 0.08607705149653964 0.044358637863205715
vn -0.04320965703911685 -0.015166743466257984 0.9989508974074706
vn -0.9953004834986181 -0.08607705149653964 -0.044358637863205715
vn -0.08665952391964125 0.9961730327098254 0.011376107230962197
vn 0.08665952391964125 -0.9961730327098254 -0.011376107230962197
usemtl m_86556906-df73-e4b2-5da9-d7e93b7286ac
f 76/220/55 79/219/55 77/218/55 74/217/55
f 75/224/56 76/223/56 74/222/56 73/221/56
f 80/228/57 75/227/57 73/226/57 78/225/57
f 79/232/58 80/231/58 78/230/58 77/229/58
f 78/236/59 73/235/59 74/234/59 77/233/59
f 79/240/60 76/239/60 75/238/60 80/237/60
o cube
v 0.09898427821374926 1.8563309141248854 0.22606156277765854
v 0.10168488177869407 1.8572788355915266 0.16362713168969167
v 0.10440049845872688 1.794070099580521 0.2253505560757234
v 0.1071011020236717 1.795018021047162 0.16291612498775654
v 0.039478601560030455 1.851899019872993 0.16085471682324132
v 0.036777997995085646 1.8509510984063517 0.22328914791120819
v 0.044894821805008076 1.7896382053286284 0.16014371012130618
v 0.042194218240063266 1.7886902838619871 0.22257814120927305
vt 0.25 0.015625
vt 0.265625 0.015625
vt 0.265625 0
vt 0.25 0
vt 0.234375 0.015625
vt 0.25 0.015625
vt 0.25 0
vt 0.234375 0
vt 0.28125 0.015625
vt 0.296875 0.015625
vt 0.296875 0
vt 0.28125 0
vt 0.265625 0.015625
vt 0.28125 0.015625
vt 0.28125 0
vt 0.265625 0
vt 0.265625 0.015625
vt 0.25 0.015625
vt 0.25 0.03125
vt 0.265625 0.03125
vt 0.28125 0.03125
vt 0.265625 0.03125
vt 0.265625 0.015625
vt 0.28125 0.015625
vn 0.04320965703911685 0.015166743466257984 -0.9989508974074706
vn 0.9953004834986181 0.08607705149653964 0.044358637863205715
vn -0.04320965703911685 -0.015166743466257984 0.9989508974074706
vn -0.9953004834986181 -0.08607705149653964 -0.044358637863205715
vn -0.08665952391964125 0.9961730327098254 0.011376107230962197
vn 0.08665952391964125 -0.9961730327098254 -0.011376107230962197
usemtl m_86556906-df73-e4b2-5da9-d7e93b7286ac
f 84/244/61 87/243/61 85/242/61 82/241/61
f 83/248/62 84/247/62 82/246/62 81/245/62
f 88/252/63 83/251/63 81/250/63 86/249/63
f 87/256/64 88/255/64 86/254/64 85/253/64
f 86/260/65 81/259/65 82/258/65 85/257/65
f 87/264/66 84/263/66 83/262/66 88/261/66
o cube
v 0.10440049845872688 1.794070099580521 0.2253505560757234
v 0.1071011020236717 1.795018021047162 0.16291612498775654
v 0.10981671870370448 1.7318092850361568 0.22463954937378827
v 0.11251732226864929 1.732757206502798 0.1622051182858214
v 0.044894821805008076 1.7896382053286284 0.16014371012130618
v 0.042194218240063266 1.7886902838619871 0.22257814120927305
v 0.05031104204998564 1.7273773907842642 0.15943270341937105
v 0.047610438485040846 1.7264294693176232 0.22186713450733792
vt 0.25 0.015625
vt 0.265625 0.015625
vt 0.265625 0
vt 0.25 0
vt 0.234375 0.015625
vt 0.25 0.015625
vt 0.25 0
vt 0.234375 0
vt 0.28125 0.015625
vt 0.296875 0.015625
vt 0.296875 0
vt 0.28125 0
vt 0.265625 0.015625
vt 0.28125 0.015625
vt 0.28125 0
vt 0.265625 0
vt 0.265625 0.015625
vt 0.25 0.015625
vt 0.25 0.03125
vt 0.265625 0.03125
vt 0.28125 0.03125
vt 0.265625 0.03125
vt 0.265625 0.015625
vt 0.28125 0.015625
vn 0.04320965703911685 0.015166743466257984 -0.9989508974074706
vn 0.9953004834986181 0.08607705149653964 0.044358637863205715
vn -0.04320965703911685 -0.015166743466257984 0.9989508974074706
vn -0.9953004834986181 -0.08607705149653964 -0.044358637863205715
vn -0.08665952391964125 0.9961730327098254 0.011376107230962197
vn 0.08665952391964125 -0.9961730327098254 -0.011376107230962197
usemtl m_86556906-df73-e4b2-5da9-d7e93b7286ac
f 92/268/67 95/267/67 93/266/67 90/265/67
f 91/272/68 92/271/68 90/270/68 89/269/68
f 96/276/69 91/275/69 89/274/69 94/273/69
f 95/280/70 96/279/70 94/278/70 93/277/70
f 94/284/71 89/283/71 90/282/71 93/281/71
f 95/288/72 92/287/72 91/286/72 96/285/72
o cube
v 0.036777997995085646 1.8509510984063517 0.22328914791120819
v 0.039478601560030455 1.851899019872993 0.16085471682324132
v 0.042194218240063266 1.7886902838619871 0.22257814120927305
v 0.044894821805008076 1.7896382053286284 0.16014371012130618
v -0.022727678658633163 1.8465192041544591 0.15808230195679096
v -0.025428282223577965 1.8455712826878181 0.22051673304475783
v -0.01731145841365555 1.7842583896100948 0.15737129525485583
v -0.02001206197860035 1.7833104681434535 0.2198057263428227
vt 0.25 0.015625
vt 0.265625 0.015625
vt 0.265625 0
vt 0.25 0
vt 0.234375 0.015625
vt 0.25 0.015625
vt 0.25 0
vt 0.234375 0
vt 0.28125 0.015625
vt 0.296875 0.015625
vt 0.296875 0
vt 0.28125 0
vt 0.265625 0.015625
vt 0.28125 0.015625
vt 0.28125 0
vt 0.265625 0
vt 0.265625 0.015625
vt 0.25 0.015625
vt 0.25 0.03125
vt 0.265625 0.03125
vt 0.28125 0.03125
vt 0.265625 0.03125
vt 0.265625 0.015625
vt 0.28125 0.015625
vn 0.04320965703911685 0.015166743466257984 -0.9989508974074706
vn 0.9953004834986181 0.08607705149653964 0.044358637863205715
vn -0.04320965703911685 -0.015166743466257984 0.9989508974074706
vn -0.9953004834986181 -0.08607705149653964 -0.044358637863205715
vn -0.08665952391964125 0.9961730327098254 0.011376107230962197
vn 0.08665952391964125 -0.9961730327098254 -0.011376107230962197
usemtl m_86556906-df73-e4b2-5da9-d7e93b7286ac
f 100/292/73 103/291/73 101/290/73 98/289/73
f 99/296/74 100/295/74 98/294/74 97/293/74
f 104/300/75 99/299/75 97/298/75 102/297/75
f 103/304/76 104/303/76 102/302/76 101/301/76
f 102/308/77 97/307/77 98/306/77 101/305/77
f 103/312/78 100/311/78 99/310/78 104/309/78
o cube
v 0.10981671870370448 1.7318092850361568 0.22463954937378827
v 0.11251732226864929 1.732757206502798 0.1622051182858214
v 0.11523293894868204 1.669548470491793 0.22392854267185314
v 0.11793354251362685 1.670496391958434 0.16149411158388627
v 0.05031104204998564 1.7273773907842642 0.15943270341937105
v 0.047610438485040846 1.7264294693176232 0.22186713450733792
v 0.055727262294963234 1.6651165762399 0.1587216967174359
v 0.053026658730018425 1.664168654773259 0.22115612780540278
vt 0.25 0.015625
vt 0.265625 0.015625
vt 0.265625 0
vt 0.25 0
vt 0.234375 0.015625
vt 0.25 0.015625
vt 0.25 0
vt 0.234375 0
vt 0.28125 0.015625
vt 0.296875 0.015625
vt 0.296875 0
vt 0.28125 0
vt 0.265625 0.015625
vt 0.28125 0.015625
vt 0.28125 0
vt 0.265625 0
vt 0.265625 0.015625
vt 0.25 0.015625
vt 0.25 0.03125
vt 0.265625 0.03125
vt 0.28125 0.03125
vt 0.265625 0.03125
vt 0.265625 0.015625
vt 0.28125 0.015625
vn 0.04320965703911685 0.015166743466257984 -0.9989508974074706
vn 0.9953004834986181 0.08607705149653964 0.044358637863205715
vn -0.04320965703911685 -0.015166743466257984 0.9989508974074706
vn -0.9953004834986181 -0.08607705149653964 -0.044358637863205715
vn -0.08665952391964125 0.9961730327098254 0.011376107230962197
vn 0.08665952391964125 -0.9961730327098254 -0.011376107230962197
usemtl m_86556906-df73-e4b2-5da9-d7e93b7286ac
f 108/316/79 111/315/79 109/314/79 106/313/79
f 107/320/80 108/319/80 106/318/80 105/317/80
f 112/324/81 107/323/81 105/322/81 110/321/81
f 111/328/82 112/327/82 110/326/82 109/325/82
f 110/332/83 105/331/83 106/330/83 109/329/83
f 111/336/84 108/335/84 107/334/84 112/333/84
o cube
v 0.042194218240063266 1.7886902838619871 0.22257814120927305
v 0.044894821805008076 1.7896382053286284 0.16014371012130618
v 0.047610438485040846 1.7264294693176232 0.22186713450733792
v 0.05031104204998564 1.7273773907842642 0.15943270341937105
v -0.01731145841365555 1.7842583896100948 0.15737129525485583
v -0.02001206197860035 1.7833104681434535 0.2198057263428227
v -0.01189523816867797 1.7219975750657306 0.1566602885529207
v -0.014595841733622772 1.7210496535990893 0.21909471964088756
vt 0.25 0.015625
vt 0.265625 0.015625
vt 0.265625 0
vt 0.25 0
vt 0.234375 0.015625
vt 0.25 0.015625
vt 0.25 0
vt 0.234375 0
vt 0.28125 0.015625
vt 0.296875 0.015625
vt 0.296875 0
vt 0.28125 0
vt 0.265625 0.015625
vt 0.28125 0.015625
vt 0.28125 0
vt 0.265625 0
vt 0.265625 0.015625
vt 0.25 0.015625
vt 0.25 0.03125
vt 0.265625 0.03125
vt 0.28125 0.03125
vt 0.265625 0.03125
vt 0.265625 0.015625
vt 0.28125 0.015625
vn 0.04320965703911685 0.015166743466257984 -0.9989508974074706
vn 0.9953004834986181 0.08607705149653964 0.044358637863205715
vn -0.04320965703911685 -0.015166743466257984 0.9989508974074706
vn -0.9953004834986181 -0.08607705149653964 -0.044358637863205715
vn -0.08665952391964125 0.9961730327098254 0.011376107230962197
vn 0.08665952391964125 -0.9961730327098254 -0.011376107230962197
usemtl m_86556906-df73-e4b2-5da9-d7e93b7286ac
f 116/340/85 119/339/85 117/338/85 114/337/85
f 115/344/86 116/343/86 114/342/86 113/341/86
f 120/348/87 115/347/87 113/346/87 118/345/87
f 119/352/88 120/351/88 118/350/88 117/349/88
f 118/356/89 113/355/89 114/354/89 117/353/89
f 119/360/90 116/359/90 115/358/90 120/357/90
o cube
v -0.27966962334321 1.886312834358047 0.21013808028089154
v -0.2769690197782652 1.887260755824688 0.14770364919292467
v -0.27425340309823243 1.8240520198136831 0.2094270735789564
v -0.27155279953328765 1.8249999412803244 0.14699264249098953
v -0.3391752999969288 1.8818809401061545 0.1449312343264743
v -0.3418759035618736 1.8809330186395132 0.20736566541444118
v -0.33375907975195124 1.8196201255617905 0.14422022762453918
v -0.336459683316896 1.8186722040951495 0.20665465871250605
vt 0.25 0.015625
vt 0.265625 0.015625
vt 0.265625 0
vt 0.25 0
vt 0.234375 0.015625
vt 0.25 0.015625
vt 0.25 0
vt 0.234375 0
vt 0.28125 0.015625
vt 0.296875 0.015625
vt 0.296875 0
vt 0.28125 0
vt 0.265625 0.015625
vt 0.28125 0.015625
vt 0.28125 0
vt 0.265625 0
vt 0.265625 0.015625
vt 0.25 0.015625
vt 0.25 0.03125
vt 0.265625 0.03125
vt 0.28125 0.03125
vt 0.265625 0.03125
vt 0.265625 0.015625
vt 0.28125 0.015625
vn 0.04320965703911685 0.015166743466257984 -0.9989508974074706
vn 0.9953004834986181 0.08607705149653964 0.044358637863205715
vn -0.04320965703911685 -0.015166743466257984 0.9989508974074706
vn -0.9953004834986181 -0.08607705149653964 -0.044358637863205715
vn -0.08665952391964125 0.9961730327098254 0.011376107230962197
vn 0.08665952391964125 -0.9961730327098254 -0.011376107230962197
usemtl m_86556906-df73-e4b2-5da9-d7e93b7286ac
f 124/364/91 127/363/91 125/362/91 122/361/91
f 123/368/92 124/367/92 122/366/92 121/365/92
f 128/372/93 123/371/93 121/370/93 126/369/93
f 127/376/94 128/375/94 126/374/94 125/373/94
f 126/380/95 121/379/95 122/378/95 125/377/95
f 127/384/96 124/383/96 123/382/96 128/381/96
o cube
v -0.3418759035618736 1.8809330186395132 0.20736566541444118
v -0.3391752999969288 1.8818809401061545 0.1449312343264743
v -0.336459683316896 1.8186722040951495 0.20665465871250605
v -0.33375907975195124 1.8196201255617905 0.14422022762453918
v -0.4013815802155924 1.8765011243876208 0.14215881946002396
v -0.4040821837805372 1.8755532029209796 0.20459325054799082
v -0.3959653599706148 1.8142403098432567 0.14144781275808882
v -0.3986659635355596 1.8132923883766157 0.2038822438460557
vt 0.25 0.015625
vt 0.265625 0.015625
vt 0.265625 0
vt 0.25 0
vt 0.234375 0.015625
vt 0.25 0.015625
vt 0.25 0
vt 0.234375 0
vt 0.28125 0.015625
vt 0.296875 0.015625
vt 0.296875 0
vt 0.28125 0
vt 0.265625 0.015625
vt 0.28125 0.015625
vt 0.28125 0
vt 0.265625 0
vt 0.265625 0.015625
vt 0.25 0.015625
vt 0.25 0.03125
vt 0.265625 0.03125
vt 0.28125 0.03125
vt 0.265625 0.03125
vt 0.265625 0.015625
vt 0.28125 0.015625
vn 0.04320965703911685 0.015166743466257984 -0.9989508974074706
vn 0.9953004834986181 0.08607705149653964 0.044358637863205715
vn -0.04320965703911685 -0.015166743466257984 0.9989508974074706
vn -0.9953004834986181 -0.08607705149653964 -0.044358637863205715
vn -0.08665952391964125 0.9961730327098254 0.011376107230962197
vn 0.08665952391964125 -0.9961730327098254 -0.011376107230962197
usemtl m_86556906-df73-e4b2-5da9-d7e93b7286ac
f 132/388/97 135/387/97 133/386/97 130/385/97
f 131/392/98 132/391/98 130/390/98 129/389/98
f 136/396/99 131/395/99 129/394/99 134/393/99
f 135/400/100 136/399/100 134/398/100 133/397/100
f 134/404/101 129/403/101 130/402/101 133/401/101
f 135/408/102 132/407/102 131/406/102 136/405/102
o cube
v -0.27425340309823243 1.8240520198136831 0.2094270735789564
v -0.27155279953328765 1.8249999412803244 0.14699264249098953
v -0.2688371828532548 1.7617912052693185 0.20871606687702127
v -0.26613657928831 1.7627391267359598 0.1462816357890544
v -0.33375907975195124 1.8196201255617905 0.14422022762453918
v -0.336459683316896 1.8186722040951495 0.20665465871250605
v -0.3283428595069736 1.7573593110174262 0.14350922092260404
v -0.3310434630719184 1.756411389550785 0.2059436520105709
vt 0.25 0.015625
vt 0.265625 0.015625
vt 0.265625 0
vt 0.25 0
vt 0.234375 0.015625
vt 0.25 0.015625
vt 0.25 0
vt 0.234375 0
vt 0.28125 0.015625
vt 0.296875 0.015625
vt 0.296875 0
vt 0.28125 0
vt 0.265625 0.015625
vt 0.28125 0.015625
vt 0.28125 0
vt 0.265625 0
vt 0.265625 0.015625
vt 0.25 0.015625
vt 0.25 0.03125
vt 0.265625 0.03125
vt 0.28125 0.03125
vt 0.265625 0.03125
vt 0.265625 0.015625
vt 0.28125 0.015625
vn 0.04320965703911685 0.015166743466257984 -0.9989508974074706
vn 0.9953004834986181 0.08607705149653964 0.044358637863205715
vn -0.04320965703911685 -0.015166743466257984 0.9989508974074706
vn -0.9953004834986181 -0.08607705149653964 -0.044358637863205715
vn -0.08665952391964125 0.9961730327098254 0.011376107230962197
vn 0.08665952391964125 -0.9961730327098254 -0.011376107230962197
usemtl m_86556906-df73-e4b2-5da9-d7e93b7286ac
f 140/412/103 143/411/103 141/410/103 138/409/103
f 139/416/104 140/415/104 138/414/104 137/413/104
f 144/420/105 139/419/105 137/418/105 142/417/105
f 143/424/106 144/423/106 142/422/106 141/421/106
f 142/428/107 137/427/107 138/426/107 141/425/107
f 143/432/108 140/431/108 139/430/108 144/429/108
o cube
v -0.2688371828532548 1.7617912052693185 0.20871606687702127
v -0.26613657928831 1.7627391267359598 0.1462816357890544
v -0.26342096260827724 1.6995303907249546 0.20800506017508613
v -0.2607203590433324 1.7004783121915956 0.14557062908711926
v -0.3283428595069736 1.7573593110174262 0.14350922092260404
v -0.3310434630719184 1.756411389550785 0.2059436520105709
v -0.32292663926199605 1.695098496473062 0.1427982142206689
v -0.32562724282694083 1.6941505750064207 0.20523264530863577
vt 0.25 0.015625
vt 0.265625 0.015625
vt 0.265625 0
vt 0.25 0
vt 0.234375 0.015625
vt 0.25 0.015625
vt 0.25 0
vt 0.234375 0
vt 0.28125 0.015625
vt 0.296875 0.015625
vt 0.296875 0
vt 0.28125 0
vt 0.265625 0.015625
vt 0.28125 0.015625
vt 0.28125 0
vt 0.265625 0
vt 0.265625 0.015625
vt 0.25 0.015625
vt 0.25 0.03125
vt 0.265625 0.03125
vt 0.28125 0.03125
vt 0.265625 0.03125
vt 0.265625 0.015625
vt 0.28125 0.015625
vn 0.04320965703911685 0.015166743466257984 -0.9989508974074706
vn 0.9953004834986181 0.08607705149653964 0.044358637863205715
vn -0.04320965703911685 -0.015166743466257984 0.9989508974074706
vn -0.9953004834986181 -0.08607705149653964 -0.044358637863205715
vn -0.08665952391964125 0.9961730327098254 0.011376107230962197
vn 0.08665952391964125 -0.9961730327098254 -0.011376107230962197
usemtl m_86556906-df73-e4b2-5da9-d7e93b7286ac
f 148/436/109 151/435/109 149/434/109 146/433/109
f 147/440/110 148/439/110 146/438/110 145/437/110
f 152/444/111 147/443/111 145/442/111 150/441/111
f 151/448/112 152/447/112 150/446/112 149/445/112
f 150/452/113 145/451/113 146/450/113 149/449/113
f 151/456/114 148/455/114 147/454/114 152/453/114
o cube
v -0.336459683316896 1.8186722040951495 0.20665465871250605
v -0.33375907975195124 1.8196201255617905 0.14422022762453918
v -0.3310434630719184 1.756411389550785 0.2059436520105709
v -0.3283428595069736 1.7573593110174262 0.14350922092260404
v -0.3959653599706148 1.8142403098432567 0.14144781275808882
v -0.3986659635355596 1.8132923883766157 0.2038822438460557
v -0.39054913972563726 1.7519794952988923 0.14073680605615368
v -0.39324974329058204 1.7510315738322513 0.20317123714412055
vt 0.25 0.015625
vt 0.265625 0.015625
vt 0.265625 0
vt 0.25 0
vt 0.234375 0.015625
vt 0.25 0.015625
vt 0.25 0
vt 0.234375 0
vt 0.28125 0.015625
vt 0.296875 0.015625
vt 0.296875 0
vt 0.28125 0
vt 0.265625 0.015625
vt 0.28125 0.015625
vt 0.28125 0
vt 0.265625 0
vt 0.265625 0.015625
vt 0.25 0.015625
vt 0.25 0.03125
vt 0.265625 0.03125
vt 0.28125 0.03125
vt 0.265625 0.03125
vt 0.265625 0.015625
vt 0.28125 0.015625
vn 0.04320965703911685 0.015166743466257984 -0.9989508974074706
vn 0.9953004834986181 0.08607705149653964 0.044358637863205715
vn -0.04320965703911685 -0.015166743466257984 0.9989508974074706
vn -0.9953004834986181 -0.08607705149653964 -0.044358637863205715
vn -0.08665952391964125 0.9961730327098254 0.011376107230962197
vn 0.08665952391964125 -0.9961730327098254 -0.011376107230962197
usemtl m_86556906-df73-e4b2-5da9-d7e93b7286ac
f 156/460/115 159/459/115 157/458/115 154/457/115
f 155/464/116 156/463/116 154/462/116 153/461/116
f 160/468/117 155/467/117 153/466/117 158/465/117
f 159/472/118 160/471/118 158/470/118 157/469/118
f 158/476/119 153/475/119 154/474/119 157/473/119
f 159/480/120 156/479/120 155/478/120 160/477/120
o cube
v -0.32562724282694083 1.6941505750064207 0.20523264530863577
v -0.32292663926199605 1.695098496473062 0.1427982142206689
v -0.32021102258196327 1.6318897604620566 0.20452163860670064
v -0.3175104190170185 1.6328376819286978 0.14208720751873377
v -0.38513291948065964 1.6897186807545281 0.14002579935421855
v -0.3878335230456044 1.6887707592878871 0.20246023044218542
v -0.3797166992356821 1.6274578662101642 0.13931479265228341
v -0.38241730280062686 1.626509944743523 0.20174922374025028
vt 0.25 0.015625
vt 0.265625 0.015625
vt 0.265625 0
vt 0.25 0
vt 0.234375 0.015625
vt 0.25 0.015625
vt 0.25 0
vt 0.234375 0
vt 0.28125 0.015625
vt 0.296875 0.015625
vt 0.296875 0
vt 0.28125 0
vt 0.265625 0.015625
vt 0.28125 0.015625
vt 0.28125 0
vt 0.265625 0
vt 0.265625 0.015625
vt 0.25 0.015625
vt 0.25 0.03125
vt 0.265625 0.03125
vt 0.28125 0.03125
vt 0.265625 0.03125
vt 0.265625 0.015625
vt 0.28125 0.015625
vn 0.04320965703911685 0.015166743466257984 -0.9989508974074706
vn 0.9953004834986181 0.08607705149653964 0.044358637863205715
vn -0.04320965703911685 -0.015166743466257984 0.9989508974074706
vn -0.9953004834986181 -0.08607705149653964 -0.044358637863205715
vn -0.08665952391964125 0.9961730327098254 0.011376107230962197
vn 0.08665952391964125 -0.9961730327098254 -0.011376107230962197
usemtl m_86556906-df73-e4b2-5da9-d7e93b7286ac
f 164/484/121 167/483/121 165/482/121 162/481/121
f 163/488/122 164/487/122 162/486/122 161/485/122
f 168/492/123 163/491/123 161/490/123 166/489/123
f 167/496/124 168/495/124 166/494/124 165/493/124
f 166/500/125 161/499/125 162/498/125 165/497/125
f 167/504/126 164/503/126 163/502/126 168/501/126
o cube
v -0.3310434630719184 1.756411389550785 0.2059436520105709
v -0.3283428595069736 1.7573593110174262 0.14350922092260404
v -0.32562724282694083 1.6941505750064207 0.20523264530863577
v -0.32292663926199605 1.695098496473062 0.1427982142206689
v -0.39054913972563726 1.7519794952988923 0.14073680605615368
v -0.39324974329058204 1.7510315738322513 0.20317123714412055
v -0.38513291948065964 1.6897186807545281 0.14002579935421855
v -0.3878335230456044 1.6887707592878871 0.20246023044218542
vt 0.25 0.015625
vt 0.265625 0.015625
vt 0.265625 0
vt 0.25 0
vt 0.234375 0.015625
vt 0.25 0.015625
vt 0.25 0
vt 0.234375 0
vt 0.28125 0.015625
vt 0.296875 0.015625
vt 0.296875 0
vt 0.28125 0
vt 0.265625 0.015625
vt 0.28125 0.015625
vt 0.28125 0
vt 0.265625 0
vt 0.265625 0.015625
vt 0.25 0.015625
vt 0.25 0.03125
vt 0.265625 0.03125
vt 0.28125 0.03125
vt 0.265625 0.03125
vt 0.265625 0.015625
vt 0.28125 0.015625
vn 0.04320965703911685 0.015166743466257984 -0.9989508974074706
vn 0.9953004834986181 0.08607705149653964 0.044358637863205715
vn -0.04320965703911685 -0.015166743466257984 0.9989508974074706
vn -0.9953004834986181 -0.08607705149653964 -0.044358637863205715
vn -0.08665952391964125 0.9961730327098254 0.011376107230962197
vn 0.08665952391964125 -0.9961730327098254 -0.011376107230962197
usemtl m_86556906-df73-e4b2-5da9-d7e93b7286ac
f 172/508/127 175/507/127 173/506/127 170/505/127
f 171/512/128 172/511/128 170/510/128 169/509/128
f 176/516/129 171/515/129 169/514/129 174/513/129
f 175/520/130 176/519/130 174/518/130 173/517/130
f 174/524/131 169/523/131 170/522/131 173/521/131
f 175/528/132 172/527/132 171/526/132 176/525/132
o cube
v 0.16930738224233532 1.8003978367656959 0.16568853985420684
v 0.17200798580728016 1.801345758232337 0.10325410876623996
v 0.17472360248731295 1.7381370222213317 0.1649775331522717
v 0.17742420605225773 1.739084943687973 0.10254310206430482
v 0.1098017055886165 1.7959659425138033 0.1004816938997896
v 0.1071011020236717 1.795018021047162 0.16291612498775648
v 0.1152179258335941 1.733705127969439 0.09977068719785447
v 0.11251732226864929 1.732757206502798 0.16220511828582135
vt 0.25 0.015625
vt 0.265625 0.015625
vt 0.265625 0
vt 0.25 0
vt 0.234375 0.015625
vt 0.25 0.015625
vt 0.25 0
vt 0.234375 0
vt 0.28125 0.015625
vt 0.296875 0.015625
vt 0.296875 0
vt 0.28125 0
vt 0.265625 0.015625
vt 0.28125 0.015625
vt 0.28125 0
vt 0.265625 0
vt 0.265625 0.015625
vt 0.25 0.015625
vt 0.25 0.03125
vt 0.265625 0.03125
vt 0.28125 0.03125
vt 0.265625 0.03125
vt 0.265625 0.015625
vt 0.28125 0.015625
vn 0.04320965703911685 0.015166743466257984 -0.9989508974074706
vn 0.9953004834986181 0.08607705149653964 0.044358637863205715
vn -0.04320965703911685 -0.015166743466257984 0.9989508974074706
vn -0.9953004834986181 -0.08607705149653964 -0.044358637863205715
vn -0.08665952391964125 0.9961730327098254 0.011376107230962197
vn 0.08665952391964125 -0.9961730327098254 -0.011376107230962197
usemtl m_86556906-df73-e4b2-5da9-d7e93b7286ac
f 180/532/133 183/531/133 181/530/133 178/529/133
f 179/536/134 180/535/134 178/534/134 177/533/134
f 184/540/135 179/539/135 177/538/135 182/537/135
f 183/544/136 184/543/136 182/542/136 181/541/136
f 182/548/137 177/547/137 178/546/137 181/545/137
f 183/552/138 180/551/138 179/550/138 184/549/138
o cube
v 0.1638911619973577 1.8626586513100603 0.16639954655614198
v 0.16659176556230254 1.8636065727767015 0.10396511546817512
v 0.16930738224233532 1.8003978367656959 0.16568853985420684
v 0.17200798580728016 1.801345758232337 0.10325410876623996
v 0.10438548534363888 1.8582267570581679 0.10119270060172476
v 0.10168488177869407 1.8572788355915266 0.16362713168969162
v 0.1098017055886165 1.7959659425138033 0.1004816938997896
v 0.1071011020236717 1.795018021047162 0.16291612498775648
vt 0.25 0.015625
vt 0.265625 0.015625
vt 0.265625 0
vt 0.25 0
vt 0.234375 0.015625
vt 0.25 0.015625
vt 0.25 0
vt 0.234375 0
vt 0.28125 0.015625
vt 0.296875 0.015625
vt 0.296875 0
vt 0.28125 0
vt 0.265625 0.015625
vt 0.28125 0.015625
vt 0.28125 0
vt 0.265625 0
vt 0.265625 0.015625
vt 0.25 0.015625
vt 0.25 0.03125
vt 0.265625 0.03125
vt 0.28125 0.03125
vt 0.265625 0.03125
vt 0.265625 0.015625
vt 0.28125 0.015625
vn 0.04320965703911685 0.015166743466257984 -0.9989508974074706
vn 0.9953004834986181 0.08607705149653964 0.044358637863205715
vn -0.04320965703911685 -0.015166743466257984 0.9989508974074706
vn -0.9953004834986181 -0.08607705149653964 -0.044358637863205715
vn -0.08665952391964125 0.9961730327098254 0.011376107230962197
vn 0.08665952391964125 -0.9961730327098254 -0.011376107230962197
usemtl m_86556906-df73-e4b2-5da9-d7e93b7286ac
f 188/556/139 191/555/139 189/554/139 186/553/139
f 187/560/140 188/559/140 186/558/140 185/557/140
f 192/564/141 187/563/141 185/562/141 190/561/141
f 191/568/142 192/567/142 190/566/142 189/565/142
f 190/572/143 185/571/143 186/570/143 189/569/143
f 191/576/144 188/575/144 187/574/144 192/573/144
o cube
v 0.16659176556230249 1.8636065727767015 0.10396511546817518
v 0.16929236912724732 1.8645544942433425 0.04153068438020825
v 0.1720079858072801 1.801345758232337 0.10325410876624001
v 0.17470858937222494 1.8022936796989781 0.04081967767827312
v 0.10708608890858366 1.8591746785248089 0.038758269513757895
v 0.10438548534363885 1.8582267570581679 0.10119270060172482
v 0.11250230915356128 1.7969138639804443 0.03804726281182276
v 0.10980170558861647 1.7959659425138033 0.10048169389978966
vt 0.25 0.015625
vt 0.265625 0.015625
vt 0.265625 0
vt 0.25 0
vt 0.234375 0.015625
vt 0.25 0.015625
vt 0.25 0
vt 0.234375 0
vt 0.28125 0.015625
vt 0.296875 0.015625
vt 0.296875 0
vt 0.28125 0
vt 0.265625 0.015625
vt 0.28125 0.015625
vt 0.28125 0
vt 0.265625 0
vt 0.265625 0.015625
vt 0.25 0.015625
vt 0.25 0.03125
vt 0.265625 0.03125
vt 0.28125 0.03125
vt 0.265625 0.03125
vt 0.265625 0.015625
vt 0.28125 0.015625
vn 0.04320965703911685 0.015166743466257984 -0.9989508974074706
vn 0.9953004834986181 0.08607705149653964 0.044358637863205715
vn -0.04320965703911685 -0.015166743466257984 0.9989508974074706
vn -0.9953004834986181 -0.08607705149653964 -0.044358637863205715
vn -0.08665952391964125 0.9961730327098254 0.011376107230962197
vn 0.08665952391964125 -0.9961730327098254 -0.011376107230962197
