# Made in Blockbench 4.11.2
mtllib Ayanami.mtl

o cube
v 0.25992965116758027 0.009325810107557592 0.09129578601057722
v 0.2436605503263132 0.25863273900121836 0.0822751672165127
v 0.3936515918735419 -0.008642207511383587 -0.6464681280680908
v 0.3773824910322747 0.24066472138227718 -0.6554887468621553
v -0.0017951007469467484 0.24102072544561204 0.03821452338645503
v 0.014474000094320344 -0.008286203448048729 0.047235142180519545
v 0.13192683995901477 0.22305270782667086 -0.699549390692213
v 0.14819594080028187 -0.026254221066989908 -0.6905287718981485
vt 0.4375 0.5625
vt 0.5 0.5625
vt 0.5 0.375
vt 0.4375 0.375
vt 0.375 0.5625
vt 0.4375 0.5625
vt 0.4375 0.375
vt 0.375 0.375
vt 0.5625 0.5625
vt 0.625 0.5625
vt 0.625 0.375
vt 0.5625 0.375
vt 0.5 0.5625
vt 0.5625 0.5625
vt 0.5625 0.375
vt 0.5 0.375
vt 0.5 0.5625
vt 0.4375 0.5625
vt 0.4375 0.625
vt 0.5 0.625
vt 0.5625 0.625
vt 0.5 0.625
vt 0.5 0.5625
vt 0.5625 0.5625
vn -0.06507640336506833 0.9972277155746433 -0.0360824751762581
vn 0.9818226042930398 0.07044805422242534 0.17624257532023077
vn 0.06507640336506833 -0.9972277155746433 0.0360824751762581
vn -0.9818226042930398 -0.07044805422242534 -0.17624257532023077
vn -0.17829592094128208 0.02395735682525488 0.9836852187715579
vn 0.17829592094128208 -0.02395735682525488 -0.9836852187715579
usemtl m_3d0533b1-e365-b7e4-44ea-768832981219
f 4/4/1 7/3/1 5/2/1 2/1/1
f 3/8/2 4/7/2 2/6/2 1/5/2
f 8/12/3 3/11/3 1/10/3 6/9/3
f 7/16/4 8/15/4 6/14/4 5/13/4
f 6/20/5 1/19/5 2/18/5 5/17/5
f 7/24/6 4/23/6 3/22/6 8/21/6
o cube
v -0.03410817121022758 -0.021486794463717845 0.04129384779648315
v 0.045758435457120245 0.21470274997214087 0.0229683399283592
v -0.2520574168983061 -0.003450352819230479 -0.6761131587742657
v -0.17219081023095822 0.23273919161662823 -0.6944386666423896
v -0.17972624068123877 0.2964239417466662 0.0935254631812994
v -0.25959284734858656 0.06023439731080746 0.11185097104942335
v -0.3976754863693172 0.31446038339115356 -0.6238815433894493
v -0.47754209303666506 0.07827083895529482 -0.6055560355213254
vt 0.0625 0.4375
vt 0.125 0.4375
vt 0.125 0.25
vt 0.0625 0.25
vt 0 0.4375
vt 0.0625 0.4375
vt 0.0625 0.25
vt 0 0.25
vt 0.1875 0.4375
vt 0.25 0.4375
vt 0.25 0.25
vt 0.1875 0.25
vt 0.125 0.4375
vt 0.1875 0.4375
vt 0.1875 0.25
vt 0.125 0.25
vt 0.125 0.4375
vt 0.0625 0.4375
vt 0.0625 0.5
vt 0.125 0.5
vt 0.1875 0.5
vt 0.125 0.5
vt 0.125 0.4375
vt 0.1875 0.4375
vn 0.3194664266693913 0.944758177743435 -0.07330203147249574
vn 0.9019387045534363 -0.32688476709810127 -0.28222849301176084
vn -0.3194664266693913 -0.944758177743435 0.07330203147249574
vn -0.9019387045534363 0.32688476709810127 0.28222849301176084
vn 0.2905989942507713 -0.02404858885931642 0.9565426754276652
vn -0.2905989942507713 0.02404858885931642 -0.9565426754276652
usemtl m_3d0533b1-e365-b7e4-44ea-768832981219
f 12/28/7 15/27/7 13/26/7 10/25/7
f 11/32/8 12/31/8 10/30/8 9/29/8
f 16/36/9 11/35/9 9/34/9 14/33/9
f 15/40/10 16/39/10 14/38/10 13/37/10
f 14/44/11 9/43/11 10/42/11 13/41/11
f 15/48/12 12/47/12 11/46/12 16/45/12
o cube
v 0.25 1 0.125
v 0.25 1 -0.125
v 0.25 0.25 0.125
v 0.25 0.25 -0.125
v -0.25 1 -0.125
v -0.25 1 0.125
v -0.25 0.25 -0.125
v -0.25 0.25 0.125
vt 0.0625 0.6875
vt 0.1875 0.6875
vt 0.1875 0.5
vt 0.0625 0.5
vt 0 0.6875
vt 0.0625 0.6875
vt 0.0625 0.5
vt 0 0.5
vt 0.25 0.6875
vt 0.375 0.6875
vt 0.375 0.5
vt 0.25 0.5
vt 0.1875 0.6875
vt 0.25 0.6875
vt 0.25 0.5
vt 0.1875 0.5
vt 0.1875 0.6875
vt 0.0625 0.6875
vt 0.0625 0.75
vt 0.1875 0.75
vt 0.3125 0.75
vt 0.1875 0.75
vt 0.1875 0.6875
vt 0.3125 0.6875
vn 0 0 -1
vn 1 0 0
vn 0 0 1
vn -1 0 0
vn 0 1 0
vn 0 -1 0
usemtl m_3d0533b1-e365-b7e4-44ea-768832981219
f 20/52/13 23/51/13 21/50/13 18/49/13
f 19/56/14 20/55/14 18/54/14 17/53/14
f 24/60/15 19/59/15 17/58/15 22/57/15
f 23/64/16 24/63/16 22/62/16 21/61/16
f 22/68/17 17/67/17 18/66/17 21/65/17
f 23/72/18 20/71/18 19/70/18 24/69/18
o cube
v 0.1705899797943652 1.587820599039024 0.12597347860948793
v 0.08236099761176856 1.5030545877890842 -0.3588258304244649
v 0.2934315872437041 1.1070886605157382 0.18767228542863307
v 0.2052026050611075 1.0223226492657984 -0.2971270236053198
v -0.3942159491473939 1.3948347808200328 -0.25317126498929
v -0.30598696696479727 1.4796007920699723 0.23162804404466286
v -0.27137434169805497 0.9141028422967469 -0.19147245817014485
v -0.18314535951545835 0.9988688535466865 0.293326850863808
vt 0.125 0.875
vt 0.25 0.875
vt 0.25 0.75
vt 0.125 0.75
vt 0 0.875
vt 0.125 0.875
vt 0.125 0.75
vt 0 0.75
vt 0.375 0.875
vt 0.5 0.875
vt 0.5 0.75
vt 0.375 0.75
vt 0.25 0.875
vt 0.375 0.875
vt 0.375 0.75
vt 0.25 0.75
vt 0.25 0.875
vt 0.125 0.875
vt 0.125 1
vt 0.25 1
vt 0.375 1
vt 0.25 1
vt 0.25 0.875
vt 0.375 0.875
vn -0.17645796436519331 -0.1695320224998794 -0.9695986180679059
vn 0.9531538935183249 0.21643961393810304 -0.21130913087034986
vn 0.17645796436519331 0.1695320224998794 0.9695986180679059
vn -0.9531538935183249 -0.21643961393810304 0.21130913087034986
vn -0.2456832148986779 0.961463877046572 -0.12339761363829033
vn 0.2456832148986779 -0.961463877046572 0.12339761363829033
usemtl m_3d0533b1-e365-b7e4-44ea-768832981219
f 28/76/19 31/75/19 29/74/19 26/73/19
f 27/80/20 28/79/20 26/78/20 25/77/20
f 32/84/21 27/83/21 25/82/21 30/81/21
f 31/88/22 32/87/22 30/86/22 29/85/22
f 30/92/23 25/91/23 26/90/23 29/89/23
f 31/96/24 28/95/24 27/94/24 32/93/24
o cube
v 0.471785747914919 0.8407012283951335 0.09277874097864272
v 0.42837370349818643 0.9349186311807494 -0.13468219063795966
v 0.1596374423698314 0.19164885694219125 -0.11649250515097369
v 0.11622539795309883 0.285866259727807 -0.34395343676757606
v 0.2610226531314933 0.996835282930455 -0.07709569762726991
v 0.3044346975482259 0.9026178801448391 0.1503652339893325
v -0.05112565241359435 0.3477829114775126 -0.2863669437568863
v -0.0077136079968617155 0.25356550869189687 -0.05890601214028392
vt 0.5625 0.9375
vt 0.609375 0.9375
vt 0.609375 0.75
vt 0.5625 0.75
vt 0.5 0.9375
vt 0.5625 0.9375
vt 0.5625 0.75
vt 0.5 0.75
vt 0.671875 0.9375
vt 0.71875 0.9375
vt 0.71875 0.75
vt 0.671875 0.75
vt 0.609375 0.9375
vt 0.671875 0.9375
vt 0.671875 0.75
vt 0.609375 0.75
vt 0.609375 0.9375
vt 0.5625 0.9375
vt 0.5625 1
vt 0.609375 1
vt 0.65625 1
vt 0.609375 1
vt 0.609375 0.9375
vt 0.65625 0.9375
vn -0.17364817766693047 0.3768696111424633 -0.9098437264664097
vn 0.89253893528903 -0.3302221426650964 -0.3071279627236787
vn 0.17364817766693047 -0.3768696111424633 0.9098437264664097
vn -0.89253893528903 0.3302221426650964 0.3071279627236787
vn 0.41619774072678345 0.8654031619372564 0.27902832817282186
vn -0.41619774072678345 -0.8654031619372564 -0.27902832817282186
usemtl m_3d0533b1-e365-b7e4-44ea-768832981219
f 36/100/25 39/99/25 37/98/25 34/97/25
f 35/104/26 36/103/26 34/102/26 33/101/26
f 40/108/27 35/107/27 33/106/27 38/105/27
f 39/112/28 40/111/28 38/110/28 37/109/28
f 38/116/29 33/115/29 34/114/29 37/113/29
f 39/120/30 36/119/30 35/118/30 40/117/30
o cube
v -0.2516291280996703 0.9102566679611843 0.1080665133548063
v -0.21916160220725733 1.004331740022868 -0.1212710993017628
v -0.03896507478812106 0.2347747056158509 -0.1389114592970078
v -0.006497548895708083 0.32884977767753454 -0.3682490719535769
v -0.39730949341897853 0.9635786374604562 -0.16320871354428157
v -0.4297770193113915 0.8695035653987727 0.06612889911228753
v -0.18464544010742923 0.28809667511512294 -0.41018668619609566
v -0.21711296599984223 0.1940216030534393 -0.18084907353952653
vt 0.3125 0.3125
vt 0.359375 0.3125
vt 0.359375 0.125
vt 0.3125 0.125
vt 0.25 0.3125
vt 0.3125 0.3125
vt 0.3125 0.125
vt 0.25 0.125
vt 0.421875 0.3125
vt 0.46875 0.3125
vt 0.46875 0.125
vt 0.421875 0.125
vt 0.359375 0.3125
vt 0.421875 0.3125
vt 0.421875 0.125
vt 0.359375 0.125
vt 0.359375 0.3125
vt 0.3125 0.3125
vt 0.3125 0.375
vt 0.359375 0.375
vt 0.40625 0.375
vt 0.359375 0.375
vt 0.359375 0.3125
vt 0.40625 0.3125
vn 0.12987010356965195 0.3763002882467344 -0.9173504506262764
vn 0.950122086462513 0.2173498803328619 0.22366727596010008
vn -0.12987010356965195 -0.3763002882467344 0.9173504506262764
vn -0.950122086462513 -0.2173498803328619 -0.22366727596010008
vn -0.28355207108206576 0.9006426164604445 0.32930396353575214
vn 0.28355207108206576 -0.9006426164604445 -0.32930396353575214
usemtl m_3d0533b1-e365-b7e4-44ea-768832981219
f 44/124/31 47/123/31 45/122/31 42/121/31
f 43/128/32 44/127/32 42/126/32 41/125/32
f 48/132/33 43/131/33 41/130/33 46/129/33
f 47/136/34 48/135/34 46/134/34 45/133/34
f 46/140/35 41/139/35 42/138/35 45/137/35
f 47/144/36 44/143/36 43/142/36 48/141/36